13077067
13077068
13077069
13077073
13077075
13077076
13077078
13077081
13078009
13078011
13078012
13078014
13078035
13078036
13078039
13078040
13078042
13078045
13078050
13078051
13078052
13078054
13078055
13078057
13078058
13078063
13078070
13079038
13079073
13079074
13079075
13079076
13079077
13079079
13080001
13080002
13080003
13080004
13080005
13080011
13080013
13080014
13080015
13080090
13080091
13080092
13080093
13080094
13080095
13080096
13080097
13080098
13080099
13081001
13081004
13081005
13081007
13082001
13082003
13082004
13082005
13082006
13082007
13082008
13082009
13082010
13082011
13083068
13083070
13083073
13083074
13083076
13083081
13083082
13083084
13084001
13084007
13084008
13084024
13084027
13084028
13084032
13084034
13084035
13084036
13084037
13084038
13084039
13084040
13084041
13085004
13085005
13085006
13085008
13085009
13085010
13085011
13085030
13085033
13085047
13086070
13086071
13086072
13086073
13086078
13086079
13086080
13086081
13086082
13086083
13086085
13086087
13086088
13087012
13087013
13090021
13090022
13090023
13090037
13090038
13090040
13090043
13090048
13090049
13091005
13091009
13091011
13091024
13091025
13091027
13091033
13091034
13091035
13091036
13091037
13091038
13091041
13091042
13091043
13091044
13091045
13092006
13092007
13092008
13092044
13092045
13092046
13093018
13093020
13093023
13093024
13093029
13093030
13093034
13093035
13093036
13093037
13093038
13093046
13094001
13094003
13094004
13094005
13094007
13094008
13094009
13094011
13094013
13094014
13094015
13094016
13094017
13094018
13094045
13094050
13094052
13094054
13094089
13095001
13095002
13095003
13095004
13095008
13095009
13095012
13095013
13095014
13095015
13095016
13095017
13095049
13096001
13096002
13096003
13096004
13096005
13096006
13096062
13096063
13096064
13096065
13096066
13096069
13096070
13097001
13097002
13097003
13097004
13097005
13097006
13097007
13097023
13097024
13097026
13097027
13097028
13097029
13097032
13097033
13097034
13097035
13097036
13097037
13097038
13097039
13100004
13100005
13100006
13100008
13100010
13100011
13100012
13100013
13100014
13100015
13100027
13100029
13100030
13100031
13100032
13100033
13100034
13100035
13100037
13100038
13100040
13100042
13100054
13100055
13100056
13100057
13100059
13100060
13101001
13101002
13101003
13101004
13101005
13101006
13101007
13101013
13101015
13101021
13101024
13101026
13101027
13101040
13101041
13101042
13101043
13101044
13101045
13101046
13101047
13101048
13101049
13101050
13103011
13103013
13103014
13103015
13103016
13103017
13104003
13104004
13104008
13104011
13104012
13104013
13104014
13104019
13104044
13104054
13104056
13104057
13104058
13104059
13104060
13104061
13104062
13105006
13105007
13105008
13105009
13105010
13105011
13105012
13105014
13105015
13105016
13105017
13105018
13105022
13105040
13105041
13106064
13106069
13106071
13106072
13106073
13106074
13106075
13106076
13107001
13107002
13107003
13107017
13107019
13107024
13107025
13107026
13107027
13107028
13107029
13107030
13107032
13107033
13107059
13107060
13107062
13108001
13108008
13108009
13108011
13108012
13108013
13108026
13108028
13108029
13108031
13108033
13108040
13108050
13108079
13109015
13109016
13109025
13109026
13109027
