  *******************************************
  *                                         *
  *        W E L C O M E  to  R O O T       *
  *                                         *
  *   Version   5.34/30     23 April 2015   *
  *                                         *
  *  You are welcome to visit our Web site  *
  *          http://root.cern.ch            *
  *                                         *
  *******************************************

ROOT 5.34/30 (v5-34-30@v5-34-30, Apr 23 2015, 18:31:46 on linux)

CINT/ROOT C/C++ Interpreter version 5.18.00, July 2, 2010
Type ? for help. Commands must be C++ statements.
Enclose multiple statements between { }.
*** Float Point Exception is OFF ***
 *** Start at Date : Wed Sep 27 16:59:32 2017
QAInfo:You are using STAR_LEVEL : pro, ROOT_LEVEL : 5.34.30 and node : rcas6010.rcf.bnl.gov 

Processing DecompSVD.C...
x: 

10x1 matrix is as follows

     |      0    |
------------------
   0 |  0.0003212 
   1 |  0.0003075 
   2 |   0.000536 
   3 |  0.0008971 
   4 |  0.0009745 
   5 |  0.0008023 
   6 |  0.0004712 
   7 |  0.0002126 
   8 |  8.001e-05 
   9 |  3.071e-05 


10x10 matrix is as follows

     |       0    |       1    |       2    |       3    |       4    |
----------------------------------------------------------------------
   0 |  0.0001908   0.0001661   0.0002425   0.0003155   0.0001837 
   1 |  8.078e-05   8.985e-05   0.0001906   0.0003197   0.0002756 
   2 |  3.709e-05   3.981e-05   7.508e-05   0.0001778   0.0002833 
   3 |  8.125e-06   8.059e-06   2.137e-05   7.027e-05   0.0001738 
   4 |      4e-06   3.307e-06   5.552e-06   1.099e-05   4.772e-05 
   5 |  3.796e-07   2.784e-07   7.374e-07    2.49e-06   9.375e-06 
   6 |  2.348e-08    7.12e-08    1.26e-07   2.975e-07   9.508e-07 
   7 |  8.449e-10     1.5e-09   4.665e-09   3.008e-08   6.194e-08 
   8 |  4.027e-10           0   1.381e-09   5.208e-10   1.016e-08 
   9 |          0           0           0           0   1.577e-10 


     |       5    |       6    |       7    |       8    |       9    |
----------------------------------------------------------------------
   0 |  7.193e-05   1.921e-05   4.014e-06   8.661e-07   1.663e-07 
   1 |  0.0001377   3.834e-05   8.437e-06   1.908e-06   4.944e-07 
   2 |  0.0002088   7.243e-05   1.816e-05   3.817e-06   8.838e-07 
   3 |  0.0002233   0.0001194   3.379e-05   7.552e-06   1.739e-06 
   4 |  0.0001246   0.0001253   4.676e-05   1.119e-05   2.494e-06 
   5 |  3.159e-05   7.524e-05   5.416e-05   1.605e-05   4.014e-06 
   6 |  3.974e-06   1.928e-05   3.706e-05   1.979e-05   5.418e-06 
   7 |  3.162e-07   1.837e-06   9.338e-06   1.461e-05   6.559e-06 
   8 |  4.395e-08   9.925e-08   7.715e-07   3.854e-06    6.09e-06 
   9 |   9.63e-10   2.135e-08   8.496e-08   3.735e-07   2.857e-06 

Covariance Matrix

10x10 matrix is as follows

     |       0    |       1    |       2    |       3    |       4    |
----------------------------------------------------------------------
   0 |  6.731e-10   3.385e-13     2.5e-13   2.107e-13   6.747e-14 
   1 |  3.385e-13   3.707e-10   3.946e-13   1.533e-13   9.751e-14 
   2 |    2.5e-13   3.946e-13   1.785e-10   2.155e-13    3.43e-13 
   3 |  2.107e-13   1.533e-13   2.155e-13   8.019e-11   1.005e-13 
   4 |  6.747e-14   9.751e-14    3.43e-13   1.005e-13   1.974e-11 
   5 |  2.663e-14   3.316e-14   4.343e-14   3.655e-14   3.092e-14 
   6 |  7.908e-15   1.117e-14   1.533e-14   1.224e-14   1.142e-14 
   7 |  3.861e-15   2.263e-15   4.614e-15   3.675e-15   3.586e-15 
   8 |  1.984e-16   7.747e-16   4.791e-16   9.169e-16   6.657e-16 
   9 |  6.074e-17   9.678e-17   6.621e-17   1.146e-16    1.15e-16 


     |       5    |       6    |       7    |       8    |       9    |
----------------------------------------------------------------------
   0 |  2.663e-14   7.908e-15   3.861e-15   1.984e-16   6.074e-17 
   1 |  3.316e-14   1.117e-14   2.263e-15   7.747e-16   9.678e-17 
   2 |  4.343e-14   1.533e-14   4.614e-15   4.791e-16   6.621e-17 
   3 |  3.655e-14   1.224e-14   3.675e-15   9.169e-16   1.146e-16 
   4 |  3.092e-14   1.142e-14   3.586e-15   6.657e-16    1.15e-16 
   5 |  4.875e-12   7.867e-15   3.474e-15   5.449e-16   1.427e-16 
   6 |  7.867e-15   8.382e-13   1.802e-15   4.137e-16   1.007e-16 
   7 |  3.474e-15   1.802e-15   1.633e-13   2.989e-16   5.427e-17 
   8 |  5.449e-16   4.137e-16   2.989e-16   2.497e-14    4.59e-17 
   9 |  1.427e-16   1.007e-16   5.427e-17    4.59e-17   5.812e-15 


10x10 matrix is as follows

     |       0    |       1    |       2    |       3    |       4    |
----------------------------------------------------------------------
   0 |     -7.359      -6.407      -9.356      -12.18      -7.103 
   1 |     -4.188      -4.661      -9.895      -16.61      -14.34 
   2 |      2.758       2.962       5.585       13.26       21.19 
   3 |    -0.8867      -0.879      -2.349      -7.774      -19.33 
   4 |     0.8701      0.7128       1.188       2.334       10.52 
   5 |    -0.1556     -0.1103     -0.3038      -1.064      -4.118 
   6 |    0.01242     0.06499      0.1128      0.2701      0.9212 
   7 |   0.007563    0.005716    0.006259    -0.03521    -0.06543 
   8 |  -0.001148   -0.003756    0.001064    -0.01447     0.02345 
   9 |  -0.001259   -0.001247    -0.00252   -0.005724    -0.01236 


     |       5    |       6    |       7    |       8    |       9    |
----------------------------------------------------------------------
   0 |     -2.786     -0.7459     -0.1562    -0.03373   -0.006492 
   1 |      -7.18      -2.004     -0.4418    -0.09993    -0.02587 
   2 |      15.66       5.456       1.372      0.2889     0.06688 
   3 |      -24.9      -13.34       -3.78     -0.8456     -0.1947 
   4 |      27.86       28.16       10.53       2.524       0.563 
   5 |     -14.12      -33.94      -24.51      -7.278      -1.822 
   6 |      4.131        20.8       40.35       21.62        5.93 
   7 |    -0.6031      -4.208      -22.74         -36      -16.22 
   8 |     0.1924      0.4537       4.589       24.12       38.47 
   9 |    -0.0226      0.1989      0.9668       4.676       37.24 


10x1 matrix is as follows

     |      0    |
------------------
   0 |     -47.83 
   1 |     -59.94 
   2 |      68.93 
   3 |     -74.88 
   4 |       85.3 
   5 |     -87.46 
   6 |      94.23 
   7 |     -79.93 
   8 |      68.08 
   9 |      43.62 

matrix C

10x10 matrix is as follows

     |       0    |       1    |       2    |       3    |       4    |
----------------------------------------------------------------------
   0 |         -1           1           0           0           0 
   1 |          1          -2           1           0           0 
   2 |          0           1          -2           1           0 
   3 |          0           0           1          -2           1 
   4 |          0           0           0           1          -2 
   5 |          0           0           0           0           1 
   6 |          0           0           0           0           0 
   7 |          0           0           0           0           0 
   8 |          0           0           0           0           0 
   9 |          0           0           0           0           0 


     |       5    |       6    |       7    |       8    |       9    |
----------------------------------------------------------------------
   0 |          0           0           0           0           0 
   1 |          0           0           0           0           0 
   2 |          0           0           0           0           0 
   3 |          0           0           0           0           0 
   4 |          1           0           0           0           0 
   5 |         -2           1           0           0           0 
   6 |          1          -2           1           0           0 
   7 |          0           1          -2           1           0 
   8 |          0           0           1          -2           1 
   9 |          0           0           0           1          -1 

singular value 0: 3.9021
singular value 1: 3.61802
singular value 2: 3.17556
singular value 3: 2.61802
singular value 4: 1.99999
singular value 5: 1.38196
singular value 6: 0.824419
singular value 7: 0.381956
singular value 8: 0.097877
singular value 9: 1e-05
Inverse SVD

10x10 matrix is as follows

     |       0    |       1    |       2    |       3    |       4    |
----------------------------------------------------------------------
   0 |       9997        9998        9999       1e+04       1e+04 
   1 |       9998        9998        9999        9999       1e+04 
   2 |       9999        9999        9999        9999       1e+04 
   3 |      1e+04        9999        9999        9999       1e+04 
   4 |      1e+04       1e+04       1e+04       1e+04        9999 
   5 |      1e+04       1e+04       1e+04       1e+04       1e+04 
   6 |      1e+04       1e+04       1e+04       1e+04       1e+04 
   7 |      1e+04       1e+04       1e+04       1e+04       1e+04 
   8 |      1e+04       1e+04       1e+04       1e+04       1e+04 
   9 |      1e+04       1e+04       1e+04       1e+04       1e+04 


     |       5    |       6    |       7    |       8    |       9    |
----------------------------------------------------------------------
   0 |      1e+04       1e+04       1e+04       1e+04       1e+04 
   1 |      1e+04       1e+04       1e+04       1e+04       1e+04 
   2 |      1e+04       1e+04       1e+04       1e+04       1e+04 
   3 |      1e+04       1e+04       1e+04       1e+04       1e+04 
   4 |      1e+04       1e+04       1e+04       1e+04       1e+04 
   5 |       9999       1e+04       1e+04       1e+04       1e+04 
   6 |      1e+04        9999        9999        9999       1e+04 
   7 |      1e+04        9999        9999        9999        9999 
   8 |      1e+04        9999        9999        9998        9998 
   9 |      1e+04       1e+04        9999        9998        9997 


Vector (10) all is as follows

     |        1  |
------------------
   0 |7.24599e+06 
   1 |472.453 
   2 |95.7795 
   3 |30.6997 
   4 |11.6655 
   5 |5.04441 
   6 |2.18277 
   7 |0.96316 
   8 |0.0554724 
   9 |0.0129543 

d-vector: 

10x1 matrix is as follows

     |      0    |
------------------
   0 |      230.1 
   1 |     0.8964 
   2 |     -1.071 
   3 |     0.1732 
   4 |    -0.5941 
   5 |     0.2427 
   6 |    -0.5555 
   7 |     0.1276 
   8 |    -0.5101 
   9 |  -0.002515 

dTau-vector: 

10x1 matrix is as follows

     |      0    |
------------------
   0 |      230.1 
   1 |      0.861 
   2 |    -0.5357 
   3 |    0.01614 
   4 |  -0.008684 
   5 |  0.0006715 
   6 | -0.0002884 
   7 |   1.29e-05 
   8 | -1.711e-07 
   9 |   -4.6e-11 


10x1 matrix is as follows

     |      0    |
------------------
   0 |  3.176e-05 
   1 |   0.001822 
   2 |  -0.005594 
   3 |  0.0005257 
   4 | -0.0007445 
   5 |  0.0001331 
   6 | -0.0001321 
   7 |  1.339e-05 
   8 | -3.085e-06 
   9 | -3.551e-09 

C-1V:

10x10 matrix is as follows

     |       0    |       1    |       2    |       3    |       4    |
----------------------------------------------------------------------
   0 |  3.162e+04       5.808      -2.099       1.165     -0.8053 
   1 |  3.162e+04       5.465      -1.806      0.8913     -0.5186 
   2 |  3.162e+04       4.793      -1.261      0.4222    -0.08289 
   3 |  3.162e+04       3.817     -0.5491    -0.09709      0.2776 
   4 |  3.162e+04       2.586      0.1788     -0.4374      0.3009 
   5 |  3.162e+04       1.189      0.6847     -0.3561    -0.04177 
   6 |  3.162e+04     -0.2364      0.7407     0.07945     -0.2319 
   7 |  3.162e+04      -1.518      0.3049      0.3597     0.07144 
   8 |  3.162e+04      -2.482     -0.3665      0.1038       0.198 
   9 |  3.162e+04      -2.998     -0.8574     -0.3441     -0.1488 


     |       5    |       6    |       7    |       8    |       9    |
----------------------------------------------------------------------
   0 |      0.569     -0.4512      0.2921     -0.2222    0.008718 
   1 |     0.2819     -0.1363    0.004098      0.2904     -0.1016 
   2 |   -0.09206      0.2031     -0.2413      0.1056      0.2029 
   3 |     -0.271      0.1971    -0.04638     -0.1281     -0.1393 
   4 |   -0.07935      -0.094      0.1607     0.05438     0.06338 
   5 |     0.1764    -0.06786     -0.1391    -0.01843    -0.02485 
   6 |   -0.03379      0.1379     0.08548    0.005162    0.006969 
   7 |     -0.125     -0.1282    -0.05092   -0.002172   -0.002431 
   8 |     0.1712      0.0843     0.02655    0.001032    0.001122 
   9 |   -0.07139    -0.02474   -0.006583  -0.0002374  -0.0002748 


10x1 matrix is as follows

     |      0    |
------------------
   0 |      1.028 
   1 |      1.025 
   2 |       1.02 
   3 |      1.014 
   4 |      1.008 
   5 |      1.003 
   6 |          1 
   7 |          1 
   8 |      1.002 
   9 |      1.004 

SVD reco: 

10x1 matrix is as follows

     |      0    |
------------------
   0 |  0.0003302 
   1 |  0.0003153 
   2 |  0.0005469 
   3 |  0.0009097 
   4 |   0.000982 
   5 |  0.0008044 
   6 |  0.0004712 
   7 |  0.0002126 
   8 |  8.016e-05 
   9 |  3.083e-05 

z covariance matrix

10x10 matrix is as follows

     |       0    |       1    |       2    |       3    |       4    |
----------------------------------------------------------------------
   0 |  1.905e-14           0           0           0           0 
   1 |          0   4.133e-06           0           0           0 
   2 |          0           0   2.725e-05           0           0 
   3 |          0           0           0   9.209e-06           0 
   4 |          0           0           0           0    1.57e-06 
   5 |          0           0           0           0           0 
   6 |          0           0           0           0           0 
   7 |          0           0           0           0           0 
   8 |          0           0           0           0           0 
   9 |          0           0           0           0           0 


     |       5    |       6    |       7    |       8    |       9    |
----------------------------------------------------------------------
   0 |          0           0           0           0           0 
   1 |          0           0           0           0           0 
   2 |          0           0           0           0           0 
   3 |          0           0           0           0           0 
   4 |          0           0           0           0           0 
   5 |  3.007e-07           0           0           0           0 
   6 |          0   5.655e-08           0           0           0 
   7 |          0           0   1.102e-08           0           0 
   8 |          0           0           0   3.656e-11           0 
   9 |          0           0           0           0   1.994e-12 

W covariance matrix

10x10 matrix is as follows

     |       0    |       1    |       2    |       3    |       4    |
----------------------------------------------------------------------
   0 |  0.0002922   0.0002638   0.0002109   0.0001407   6.582e-05 
   1 |  0.0002638   0.0002391   0.0001929   0.0001313   6.483e-05 
   2 |  0.0002109   0.0001929    0.000159   0.0001131    6.24e-05 
   3 |  0.0001407   0.0001313   0.0001131   8.773e-05   5.771e-05 
   4 |  6.582e-05   6.483e-05    6.24e-05   5.771e-05   4.947e-05 
   5 |  4.691e-06   9.351e-06    1.77e-05   2.785e-05   3.651e-05 
   6 | -2.787e-05   -2.19e-05  -1.075e-05   4.064e-06    1.97e-05 
   7 | -3.108e-05  -2.736e-05  -2.011e-05  -9.746e-06   2.894e-06 
   8 | -1.867e-05  -1.828e-05  -1.715e-05  -1.465e-05  -9.598e-06 
   9 | -7.378e-06  -9.192e-06   -1.22e-05  -1.517e-05  -1.586e-05 


     |       5    |       6    |       7    |       8    |       9    |
----------------------------------------------------------------------
   0 |  4.691e-06  -2.787e-05  -3.108e-05  -1.867e-05  -7.378e-06 
   1 |  9.351e-06   -2.19e-05  -2.736e-05  -1.828e-05  -9.192e-06 
   2 |   1.77e-05  -1.075e-05  -2.011e-05  -1.715e-05   -1.22e-05 
   3 |  2.785e-05   4.064e-06  -9.746e-06  -1.465e-05  -1.517e-05 
   4 |  3.651e-05    1.97e-05   2.894e-06  -9.598e-06  -1.586e-05 
   5 |  3.885e-05   3.146e-05   1.608e-05  -3.369e-07  -1.055e-05 
   6 |  3.146e-05   3.437e-05   2.692e-05   1.408e-05   4.471e-06 
   7 |  1.608e-05   2.692e-05   3.231e-05   3.193e-05   2.958e-05 
   8 | -3.369e-07   1.408e-05   3.193e-05   4.833e-05   5.798e-05 
   9 | -1.055e-05   4.471e-06   2.958e-05   5.798e-05   7.735e-05 

reco covariance matrix

10x10 matrix is as follows

     |       0    |       1    |       2    |       3    |       4    |
----------------------------------------------------------------------
   0 |  3.014e-11   2.605e-11    3.63e-11   4.053e-11    2.06e-11 
   1 |  2.605e-11   2.261e-11   3.179e-11    3.62e-11   1.943e-11 
   2 |   3.63e-11   3.179e-11   4.567e-11    5.44e-11   3.259e-11 
   3 |  4.053e-11    3.62e-11    5.44e-11    7.06e-11   5.045e-11 
   4 |   2.06e-11   1.943e-11   3.259e-11   5.045e-11   4.698e-11 
   5 |  1.209e-12   2.307e-12   7.611e-12   2.005e-11   2.854e-11 
   6 | -4.218e-12  -3.173e-12  -2.714e-12   1.718e-12   9.045e-12 
   7 | -2.122e-12  -1.788e-12  -2.291e-12  -1.858e-12   5.996e-13 
   8 | -4.798e-13  -4.497e-13  -7.356e-13  -1.051e-12  -7.484e-13 
   9 | -7.279e-14  -8.681e-14  -2.008e-13  -4.181e-13  -4.747e-13 


     |       5    |       6    |       7    |       8    |       9    |
----------------------------------------------------------------------
   0 |  1.209e-12  -4.218e-12  -2.122e-12  -4.798e-13  -7.279e-14 
   1 |  2.307e-12  -3.173e-12  -1.788e-12  -4.497e-13  -8.681e-14 
   2 |  7.611e-12  -2.714e-12  -2.291e-12  -7.356e-13  -2.008e-13 
   3 |  2.005e-11   1.718e-12  -1.858e-12  -1.051e-12  -4.181e-13 
   4 |  2.854e-11   9.045e-12   5.996e-13  -7.484e-13  -4.747e-13 
   5 |  2.501e-11   1.189e-11   2.743e-12  -2.163e-14  -2.601e-13 
   6 |  1.189e-11   7.632e-12   2.696e-12   5.307e-13   6.471e-14 
   7 |  2.743e-12   2.696e-12    1.46e-12    5.43e-13   1.931e-13 
   8 | -2.163e-14   5.307e-13    5.43e-13   3.094e-13   1.425e-13 
   9 | -2.601e-13   6.471e-14   1.931e-13   1.425e-13   7.297e-14 

0 5.49042e-06
1 4.7547e-06
2 6.75809e-06
3 8.40237e-06
4 6.85439e-06
5 5.00063e-06
6 2.76253e-06
7 1.20819e-06
8 5.5623e-07
9 2.70121e-07
(int)1

This is the end of ROOT -- Goodbye

