  *******************************************
  *                                         *
  *        W E L C O M E  to  R O O T       *
  *                                         *
  *   Version   5.34/30     23 April 2015   *
  *                                         *
  *  You are welcome to visit our Web site  *
  *          http://root.cern.ch            *
  *                                         *
  *******************************************

ROOT 5.34/30 (v5-34-30@v5-34-30, Apr 23 2015, 18:31:46 on linux)

CINT/ROOT C/C++ Interpreter version 5.18.00, July 2, 2010
Type ? for help. Commands must be C++ statements.
Enclose multiple statements between { }.
*** Float Point Exception is OFF ***
 *** Start at Date : Wed Sep 27 18:36:26 2017
QAInfo:You are using STAR_LEVEL : pro, ROOT_LEVEL : 5.34.30 and node : rcas6010.rcf.bnl.gov 

Processing DecompSVD.C...
x: 

10x1 matrix is as follows

     |      0    |
------------------
   0 |  0.0003212 
   1 |  0.0003075 
   2 |   0.000536 
   3 |  0.0008971 
   4 |  0.0009745 
   5 |  0.0008023 
   6 |  0.0004712 
   7 |  0.0002126 
   8 |  8.001e-05 
   9 |  3.071e-05 


10x10 matrix is as follows

     |       0    |       1    |       2    |       3    |       4    |
----------------------------------------------------------------------
   0 |  0.0001908   0.0001661   0.0002425   0.0003155   0.0001837 
   1 |  8.078e-05   8.985e-05   0.0001906   0.0003197   0.0002756 
   2 |  3.709e-05   3.981e-05   7.508e-05   0.0001778   0.0002833 
   3 |  8.125e-06   8.059e-06   2.137e-05   7.027e-05   0.0001738 
   4 |      4e-06   3.307e-06   5.552e-06   1.099e-05   4.772e-05 
   5 |  3.796e-07   2.784e-07   7.374e-07    2.49e-06   9.375e-06 
   6 |  2.348e-08    7.12e-08    1.26e-07   2.975e-07   9.508e-07 
   7 |  8.449e-10     1.5e-09   4.665e-09   3.008e-08   6.194e-08 
   8 |  4.027e-10           0   1.381e-09   5.208e-10   1.016e-08 
   9 |          0           0           0           0   1.577e-10 


     |       5    |       6    |       7    |       8    |       9    |
----------------------------------------------------------------------
   0 |  7.193e-05   1.921e-05   4.014e-06   8.661e-07   1.663e-07 
   1 |  0.0001377   3.834e-05   8.437e-06   1.908e-06   4.944e-07 
   2 |  0.0002088   7.243e-05   1.816e-05   3.817e-06   8.838e-07 
   3 |  0.0002233   0.0001194   3.379e-05   7.552e-06   1.739e-06 
   4 |  0.0001246   0.0001253   4.676e-05   1.119e-05   2.494e-06 
   5 |  3.159e-05   7.524e-05   5.416e-05   1.605e-05   4.014e-06 
   6 |  3.974e-06   1.928e-05   3.706e-05   1.979e-05   5.418e-06 
   7 |  3.162e-07   1.837e-06   9.338e-06   1.461e-05   6.559e-06 
   8 |  4.395e-08   9.925e-08   7.715e-07   3.854e-06    6.09e-06 
   9 |   9.63e-10   2.135e-08   8.496e-08   3.735e-07   2.857e-06 

Covariance Matrix

10x10 matrix is as follows

     |       0    |       1    |       2    |       3    |       4    |
----------------------------------------------------------------------
   0 |  6.731e-10   3.385e-13     2.5e-13   2.107e-13   6.747e-14 
   1 |  3.385e-13   3.707e-10   3.946e-13   1.533e-13   9.751e-14 
   2 |    2.5e-13   3.946e-13   1.785e-10   2.155e-13    3.43e-13 
   3 |  2.107e-13   1.533e-13   2.155e-13   8.019e-11   1.005e-13 
   4 |  6.747e-14   9.751e-14    3.43e-13   1.005e-13   1.974e-11 
   5 |  2.663e-14   3.316e-14   4.343e-14   3.655e-14   3.092e-14 
   6 |  7.908e-15   1.117e-14   1.533e-14   1.224e-14   1.142e-14 
   7 |  3.861e-15   2.263e-15   4.614e-15   3.675e-15   3.586e-15 
   8 |  1.984e-16   7.747e-16   4.791e-16   9.169e-16   6.657e-16 
   9 |  6.074e-17   9.678e-17   6.621e-17   1.146e-16    1.15e-16 


     |       5    |       6    |       7    |       8    |       9    |
----------------------------------------------------------------------
   0 |  2.663e-14   7.908e-15   3.861e-15   1.984e-16   6.074e-17 
   1 |  3.316e-14   1.117e-14   2.263e-15   7.747e-16   9.678e-17 
   2 |  4.343e-14   1.533e-14   4.614e-15   4.791e-16   6.621e-17 
   3 |  3.655e-14   1.224e-14   3.675e-15   9.169e-16   1.146e-16 
   4 |  3.092e-14   1.142e-14   3.586e-15   6.657e-16    1.15e-16 
   5 |  4.875e-12   7.867e-15   3.474e-15   5.449e-16   1.427e-16 
   6 |  7.867e-15   8.382e-13   1.802e-15   4.137e-16   1.007e-16 
   7 |  3.474e-15   1.802e-15   1.633e-13   2.989e-16   5.427e-17 
   8 |  5.449e-16   4.137e-16   2.989e-16   2.497e-14    4.59e-17 
   9 |  1.427e-16   1.007e-16   5.427e-17    4.59e-17   5.812e-15 


10x10 matrix is as follows

     |       0    |       1    |       2    |       3    |       4    |
----------------------------------------------------------------------
   0 |     -7.359      -6.407      -9.356      -12.18      -7.103 
   1 |     -4.188      -4.661      -9.895      -16.61      -14.34 
   2 |      2.758       2.962       5.585       13.26       21.19 
   3 |    -0.8867      -0.879      -2.349      -7.774      -19.33 
   4 |     0.8701      0.7128       1.188       2.334       10.52 
   5 |    -0.1556     -0.1103     -0.3038      -1.064      -4.118 
   6 |    0.01242     0.06499      0.1128      0.2701      0.9212 
   7 |   0.007563    0.005716    0.006259    -0.03521    -0.06543 
   8 |  -0.001148   -0.003756    0.001064    -0.01447     0.02345 
   9 |  -0.001259   -0.001247    -0.00252   -0.005724    -0.01236 


     |       5    |       6    |       7    |       8    |       9    |
----------------------------------------------------------------------
   0 |     -2.786     -0.7459     -0.1562    -0.03373   -0.006492 
   1 |      -7.18      -2.004     -0.4418    -0.09993    -0.02587 
   2 |      15.66       5.456       1.372      0.2889     0.06688 
   3 |      -24.9      -13.34       -3.78     -0.8456     -0.1947 
   4 |      27.86       28.16       10.53       2.524       0.563 
   5 |     -14.12      -33.94      -24.51      -7.278      -1.822 
   6 |      4.131        20.8       40.35       21.62        5.93 
   7 |    -0.6031      -4.208      -22.74         -36      -16.22 
   8 |     0.1924      0.4537       4.589       24.12       38.47 
   9 |    -0.0226      0.1989      0.9668       4.676       37.24 


10x1 matrix is as follows

     |      0    |
------------------
   0 |     -47.83 
   1 |     -59.94 
   2 |      68.93 
   3 |     -74.88 
   4 |       85.3 
   5 |     -87.46 
   6 |      94.23 
   7 |     -79.93 
   8 |      68.08 
   9 |      43.62 

matrix C

10x10 matrix is as follows

     |       0    |       1    |       2    |       3    |       4    |
----------------------------------------------------------------------
   0 |         -1           1           0           0           0 
   1 |          1          -2           1           0           0 
   2 |          0           1          -2           1           0 
   3 |          0           0           1          -2           1 
   4 |          0           0           0           1          -2 
   5 |          0           0           0           0           1 
   6 |          0           0           0           0           0 
   7 |          0           0           0           0           0 
   8 |          0           0           0           0           0 
   9 |          0           0           0           0           0 


     |       5    |       6    |       7    |       8    |       9    |
----------------------------------------------------------------------
   0 |          0           0           0           0           0 
   1 |          0           0           0           0           0 
   2 |          0           0           0           0           0 
   3 |          0           0           0           0           0 
   4 |          1           0           0           0           0 
   5 |         -2           1           0           0           0 
   6 |          1          -2           1           0           0 
   7 |          0           1          -2           1           0 
   8 |          0           0           1          -2           1 
   9 |          0           0           0           1          -1 

singular value 0: 3.9021
singular value 1: 3.61802
singular value 2: 3.17556
singular value 3: 2.61802
singular value 4: 1.99999
singular value 5: 1.38196
singular value 6: 0.824419
singular value 7: 0.381956
singular value 8: 0.097877
singular value 9: 1e-05
Inverse SVD

10x10 matrix is as follows

     |       0    |       1    |       2    |       3    |       4    |
----------------------------------------------------------------------
   0 |       9997        9998        9999       1e+04       1e+04 
   1 |       9998        9998        9999        9999       1e+04 
   2 |       9999        9999        9999        9999       1e+04 
   3 |      1e+04        9999        9999        9999       1e+04 
   4 |      1e+04       1e+04       1e+04       1e+04        9999 
   5 |      1e+04       1e+04       1e+04       1e+04       1e+04 
   6 |      1e+04       1e+04       1e+04       1e+04       1e+04 
   7 |      1e+04       1e+04       1e+04       1e+04       1e+04 
   8 |      1e+04       1e+04       1e+04       1e+04       1e+04 
   9 |      1e+04       1e+04       1e+04       1e+04       1e+04 


     |       5    |       6    |       7    |       8    |       9    |
----------------------------------------------------------------------
   0 |      1e+04       1e+04       1e+04       1e+04       1e+04 
   1 |      1e+04       1e+04       1e+04       1e+04       1e+04 
   2 |      1e+04       1e+04       1e+04       1e+04       1e+04 
   3 |      1e+04       1e+04       1e+04       1e+04       1e+04 
   4 |      1e+04       1e+04       1e+04       1e+04       1e+04 
   5 |       9999       1e+04       1e+04       1e+04       1e+04 
   6 |      1e+04        9999        9999        9999       1e+04 
   7 |      1e+04        9999        9999        9999        9999 
   8 |      1e+04        9999        9999        9998        9998 
   9 |      1e+04       1e+04        9999        9998        9997 


Vector (10) all is as follows

     |        1  |
------------------
   0 |7.24599e+06 
   1 |472.453 
   2 |95.7795 
   3 |30.6997 
   4 |11.6655 
   5 |5.04441 
   6 |2.18277 
   7 |0.96316 
   8 |0.0554724 
   9 |0.0129543 

d-vector: 

10x1 matrix is as follows

     |      0    |
------------------
   0 |      230.1 
   1 |     0.8964 
   2 |     -1.071 
   3 |     0.1732 
   4 |    -0.5941 
   5 |     0.2427 
   6 |    -0.5555 
   7 |     0.1276 
   8 |    -0.5101 
   9 |  -0.002515 

dTau-vector: 

10x1 matrix is as follows

     |      0    |
------------------
   0 |      230.1 
   1 |     0.4482 
   2 |    -0.0423 
   3 |  0.0007284 
   4 |  -0.000362 
   5 |  2.767e-05 
   6 | -1.186e-05 
   7 |  5.301e-07 
   8 | -7.032e-09 
   9 |  -1.89e-12 


10x1 matrix is as follows

     |      0    |
------------------
   0 |  3.176e-05 
   1 |  0.0009487 
   2 | -0.0004416 
   3 |  2.373e-05 
   4 | -3.103e-05 
   5 |  5.485e-06 
   6 | -5.432e-06 
   7 |  5.504e-07 
   8 | -1.268e-07 
   9 | -1.459e-10 

C-1V:

10x10 matrix is as follows

     |       0    |       1    |       2    |       3    |       4    |
----------------------------------------------------------------------
   0 |  3.162e+04       5.808      -2.099       1.165     -0.8053 
   1 |  3.162e+04       5.465      -1.806      0.8913     -0.5186 
   2 |  3.162e+04       4.793      -1.261      0.4222    -0.08289 
   3 |  3.162e+04       3.817     -0.5491    -0.09709      0.2776 
   4 |  3.162e+04       2.586      0.1788     -0.4374      0.3009 
   5 |  3.162e+04       1.189      0.6847     -0.3561    -0.04177 
   6 |  3.162e+04     -0.2364      0.7407     0.07945     -0.2319 
   7 |  3.162e+04      -1.518      0.3049      0.3597     0.07144 
   8 |  3.162e+04      -2.482     -0.3665      0.1038       0.198 
   9 |  3.162e+04      -2.998     -0.8574     -0.3441     -0.1488 


     |       5    |       6    |       7    |       8    |       9    |
----------------------------------------------------------------------
   0 |      0.569     -0.4512      0.2921     -0.2222    0.008718 
   1 |     0.2819     -0.1363    0.004098      0.2904     -0.1016 
   2 |   -0.09206      0.2031     -0.2413      0.1056      0.2029 
   3 |     -0.271      0.1971    -0.04638     -0.1281     -0.1393 
   4 |   -0.07935      -0.094      0.1607     0.05438     0.06338 
   5 |     0.1764    -0.06786     -0.1391    -0.01843    -0.02485 
   6 |   -0.03379      0.1379     0.08548    0.005162    0.006969 
   7 |     -0.125     -0.1282    -0.05092   -0.002172   -0.002431 
   8 |     0.1712      0.0843     0.02655    0.001032    0.001122 
   9 |   -0.07139    -0.02474   -0.006583  -0.0002374  -0.0002748 


10x1 matrix is as follows

     |      0    |
------------------
   0 |      1.011 
   1 |       1.01 
   2 |      1.009 
   3 |      1.008 
   4 |      1.007 
   5 |      1.005 
   6 |      1.004 
   7 |      1.003 
   8 |      1.002 
   9 |      1.002 

SVD reco: 

10x1 matrix is as follows

     |      0    |
------------------
   0 |  0.0003247 
   1 |  0.0003107 
   2 |  0.0005411 
   3 |  0.0009045 
   4 |  0.0009811 
   5 |  0.0008065 
   6 |   0.000473 
   7 |  0.0002132 
   8 |  8.018e-05 
   9 |  3.077e-05 

z covariance matrix

10x10 matrix is as follows

     |       0    |       1    |       2    |       3    |       4    |
----------------------------------------------------------------------
   0 |  1.905e-14           0           0           0           0 
   1 |          0    1.12e-06           0           0           0 
   2 |          0           0   1.699e-07           0           0 
   3 |          0           0           0   1.876e-08           0 
   4 |          0           0           0           0   2.728e-09 
   5 |          0           0           0           0           0 
   6 |          0           0           0           0           0 
   7 |          0           0           0           0           0 
   8 |          0           0           0           0           0 
   9 |          0           0           0           0           0 


     |       5    |       6    |       7    |       8    |       9    |
----------------------------------------------------------------------
   0 |          0           0           0           0           0 
   1 |          0           0           0           0           0 
   2 |          0           0           0           0           0 
   3 |          0           0           0           0           0 
   4 |          0           0           0           0           0 
   5 |  5.106e-10           0           0           0           0 
   6 |          0   9.563e-11           0           0           0 
   7 |          0           0   1.862e-11           0           0 
   8 |          0           0           0   6.176e-14           0 
   9 |          0           0           0           0   3.368e-15 

W covariance matrix

10x10 matrix is as follows

     |       0    |       1    |       2    |       3    |       4    |
----------------------------------------------------------------------
   0 |   5.76e-05   5.526e-05   5.068e-05   4.407e-05    3.58e-05 
   1 |  5.526e-05   5.307e-05   4.878e-05   4.258e-05   3.481e-05 
   2 |  5.068e-05   4.878e-05   4.505e-05   3.966e-05   3.289e-05 
   3 |  4.407e-05   4.258e-05   3.966e-05   3.542e-05   3.009e-05 
   4 |   3.58e-05   3.481e-05   3.289e-05   3.009e-05   2.655e-05 
   5 |  2.653e-05   2.611e-05   2.528e-05   2.407e-05   2.252e-05 
   6 |  1.725e-05   1.737e-05   1.762e-05   1.797e-05   1.838e-05 
   7 |  9.072e-06   9.668e-06   1.084e-05   1.253e-05   1.466e-05 
   8 |  3.036e-06   3.969e-06   5.802e-06    8.47e-06   1.185e-05 
   9 | -1.548e-07    9.54e-07   3.134e-06    6.31e-06   1.034e-05 


     |       5    |       6    |       7    |       8    |       9    |
----------------------------------------------------------------------
   0 |  2.653e-05   1.725e-05   9.072e-06   3.036e-06  -1.548e-07 
   1 |  2.611e-05   1.737e-05   9.668e-06   3.969e-06    9.54e-07 
   2 |  2.528e-05   1.762e-05   1.084e-05   5.802e-06   3.134e-06 
   3 |  2.407e-05   1.797e-05   1.253e-05    8.47e-06    6.31e-06 
   4 |  2.252e-05   1.838e-05   1.466e-05   1.185e-05   1.034e-05 
   5 |  2.071e-05   1.882e-05   1.706e-05    1.57e-05   1.496e-05 
   6 |  1.882e-05    1.92e-05   1.949e-05   1.966e-05   1.973e-05 
   7 |  1.706e-05   1.949e-05   2.164e-05   2.325e-05    2.41e-05 
   8 |   1.57e-05   1.966e-05   2.325e-05   2.597e-05   2.743e-05 
   9 |  1.496e-05   1.973e-05    2.41e-05   2.743e-05   2.924e-05 

reco covariance matrix

10x10 matrix is as follows

     |       0    |       1    |       2    |       3    |       4    |
----------------------------------------------------------------------
   0 |  5.942e-12   5.458e-12   8.725e-12    1.27e-11    1.12e-11 
   1 |  5.458e-12   5.018e-12   8.039e-12   1.175e-11   1.043e-11 
   2 |  8.725e-12   8.039e-12   1.294e-11   1.907e-11   1.718e-11 
   3 |   1.27e-11   1.175e-11   1.907e-11    2.85e-11    2.63e-11 
   4 |   1.12e-11   1.043e-11   1.718e-11    2.63e-11   2.521e-11 
   5 |  6.837e-12   6.441e-12   1.087e-11   1.732e-11    1.76e-11 
   6 |   2.61e-12   2.517e-12    4.45e-12   7.594e-12   8.441e-12 
   7 |  6.194e-13   6.319e-13   1.234e-12   2.389e-12   3.036e-12 
   8 |  7.801e-14   9.765e-14   2.488e-13   6.079e-13   9.236e-13 
   9 | -1.528e-15    9.01e-15   5.159e-14   1.739e-13   3.095e-13 


     |       5    |       6    |       7    |       8    |       9    |
----------------------------------------------------------------------
   0 |  6.837e-12    2.61e-12   6.194e-13   7.801e-14  -1.528e-15 
   1 |  6.441e-12   2.517e-12   6.319e-13   9.765e-14    9.01e-15 
   2 |  1.087e-11    4.45e-12   1.234e-12   2.488e-13   5.159e-14 
   3 |  1.732e-11   7.594e-12   2.389e-12   6.079e-13   1.739e-13 
   4 |   1.76e-11   8.441e-12   3.036e-12   9.236e-13   3.095e-13 
   5 |  1.333e-11   7.113e-12   2.909e-12   1.008e-12   3.685e-13 
   6 |  7.113e-12   4.263e-12   1.952e-12   7.411e-13   2.856e-13 
   7 |  2.909e-12   1.952e-12    9.78e-13   3.954e-13   1.573e-13 
   8 |  1.008e-12   7.411e-13   3.954e-13   1.662e-13   6.741e-14 
   9 |  3.685e-13   2.856e-13   1.573e-13   6.741e-14   2.758e-14 

0 2.43772e-06
1 2.23999e-06
2 3.59742e-06
3 5.33891e-06
4 5.02108e-06
5 3.65133e-06
6 2.06479e-06
7 9.88934e-07
8 4.07709e-07
9 1.66076e-07
(int)1

This is the end of ROOT -- Goodbye

